19 1 74 59 153
19 45 74 117 146
19 112 82 184 151
19 181 71 254 145
19 253 85 316 147
19 319 67 401 142
19 399 62 478 135
19 483 65 499 145
19 1 138 52 198
19 46 143 118 213
19 116 149 182 202
19 181 139 254 203
19 252 147 315 213
19 311 139 387 212
19 387 134 459 201
19 472 143 499 215
19 1 190 36 258
19 34 195 106 264
19 108 200 174 272
19 170 194 245 265
19 244 200 318 266
19 319 198 398 272
19 396 189 464 264
19 478 199 499 277
19 1 260 55 333
19 47 260 138 325
19 152 242 237 325
19 236 255 305 326
19 313 262 384 331
19 382 262 464 317
19 465 270 499 330
19 1 329 42 351
19 42 318 128 358
19 134 321 219 362
19 226 324 311 374
19 310 337 403 374
19 322 323 387 367
19 403 339 464 374
19 468 328 499 343
