19 28 201 91 259
17 259 225 499 341
15 2 184 35 265
15 162 108 178 144
15 177 107 199 142
15 195 111 216 142
15 228 109 257 128
15 264 107 286 130
15 296 105 325 142
15 323 103 350 140
15 338 162 357 186
15 309 149 340 187
15 296 149 316 186
15 158 149 175 187
15 177 158 192 187
15 203 156 217 185
15 158 190 181 226
15 168 203 181 227
15 201 192 215 225
15 237 139 252 172
15 253 139 270 173
15 268 145 284 172
15 224 178 247 233
15 244 202 264 232
15 259 191 286 223
15 320 193 341 224
15 296 191 318 225
15 308 193 328 227
